512 513 100
512 513 1
512 515 6
513 520 3
513 523 3
515 548 10
515 555 3
517 536 9
517 526 3
520 523 4
523 524 3
524 527 2
524 544 10
524 565 8
525 544 1
525 563 1
525 526 6
525 352 10
527 553 10
527 350 5
536 538 6
537 545 3
537 566 6
537 567 2
537 569 7
538 559 4
538 566 9
538 353 3
542 561 3
542 559 9
542 560 3
542 352 9
542 353 10
545 558 2
548 555 3
553 556 3
553 558 3
553 560 4
555 354 7
555 557 1
556 563 3
557 354 1
557 361 7
557 570 10
558 362 1
558 570 10
561 565 8
563 569 9
563 350 9
565 355 6
567 360 1
570 360 4
570 362 3
355 359 8
359 361 4
